1
20
30
0 11 2 19 12 14 14 2 1 13 2 7 13 15 13 4 10 10 9 18 
16 0 7 11 4 11 16 4 5 6 18 15 5 20 11 18 11 16 14 3 
2 13 0 18 7 6 1 5 17 7 12 20 9 8 15 12 3 10 3 18 
20 5 2 0 5 1 1 6 4 7 7 8 12 11 2 7 19 18 8 17 
6 5 19 20 0 8 3 14 17 6 12 15 10 8 1 1 13 14 19 20 
17 16 11 3 17 0 14 7 8 5 7 16 10 7 8 5 19 15 13 8 
15 15 5 7 18 3 0 16 9 20 17 7 7 4 14 17 4 13 1 7 
18 18 13 11 18 20 18 0 20 7 5 7 15 5 1 13 3 16 15 12 
18 11 7 6 12 10 16 18 0 17 7 7 11 18 11 18 1 19 5 12 
14 1 15 2 13 6 19 18 5 0 13 3 7 7 6 14 9 2 10 6 
15 5 13 17 1 18 19 18 15 17 0 8 20 20 6 7 1 18 11 16 
14 10 9 19 14 17 7 9 5 3 19 0 19 9 12 16 18 6 2 5 
11 8 17 16 19 10 7 6 15 11 15 18 0 1 5 3 5 6 5 14 
1 13 4 5 14 18 12 11 8 10 18 16 10 0 2 14 15 11 1 20 
9 3 19 12 12 6 14 16 1 10 8 12 16 15 0 7 10 20 14 10 
20 11 11 12 1 8 3 14 9 16 14 6 16 10 3 0 18 18 10 17 
20 17 9 3 6 12 20 16 9 6 3 5 16 4 2 17 0 14 3 2 
18 2 7 19 14 11 13 7 19 20 11 20 14 12 20 11 10 0 11 14 
10 1 12 18 18 19 15 7 6 1 16 5 14 1 5 14 5 3 0 11 
14 7 1 17 10 10 7 9 11 4 16 4 5 20 5 3 12 19 8 0 
0 16 1 10 1 15 16 20 8 3 4 9 11 18 6 7 4 14 16 5 2 6 16 5 12 1 11 8 13 8 
16 0 6 14 8 2 8 12 16 17 1 20 13 10 5 19 13 2 14 15 16 16 7 20 18 8 19 10 4 14 
1 6 0 3 9 15 20 18 13 7 19 11 9 1 9 16 7 6 14 1 8 17 3 15 17 13 6 13 18 19 
10 14 3 0 15 3 20 11 5 2 11 12 20 6 12 17 9 19 9 10 3 20 6 12 3 4 16 12 17 2 
1 8 9 15 0 13 12 2 11 5 15 18 15 9 9 19 6 8 19 15 7 2 17 4 2 13 14 13 19 17 
15 2 15 3 13 0 8 18 5 10 8 15 5 7 10 20 19 9 10 4 3 5 3 19 10 3 14 16 3 9 
16 8 20 20 12 8 0 9 15 15 8 13 4 7 10 4 2 17 17 12 12 14 9 7 2 12 14 18 16 13 
20 12 18 11 2 18 9 0 18 4 10 6 4 15 12 3 2 7 1 4 13 17 19 19 17 16 20 5 15 14 
8 16 13 5 11 5 15 18 0 10 17 17 8 8 13 10 20 5 8 19 12 6 15 4 13 18 13 10 5 20 
3 17 7 2 5 10 15 4 10 0 1 13 19 1 9 15 11 10 6 7 13 11 16 16 4 9 17 18 16 8 
4 1 19 11 15 8 8 10 17 1 0 7 1 16 4 20 18 10 7 20 3 7 9 6 5 17 13 14 12 20 
9 20 11 12 18 15 13 6 17 13 7 0 1 1 18 12 11 7 20 6 20 15 9 15 4 11 9 7 1 18 
11 13 9 20 15 5 4 4 8 19 1 1 0 10 10 2 14 20 12 3 3 18 14 9 2 15 8 15 19 7 
18 10 1 6 9 7 7 15 8 1 16 1 10 0 19 2 11 3 19 9 8 12 16 1 2 1 9 7 14 5 
6 5 9 12 9 10 10 12 13 9 4 18 10 19 0 6 2 3 20 16 17 9 20 6 8 19 16 11 14 10 
7 19 16 17 19 20 4 3 10 15 20 12 2 2 6 0 6 5 3 17 13 7 2 6 8 11 19 12 6 11 
4 13 7 9 6 19 2 2 20 11 18 11 14 11 2 6 0 8 4 9 8 8 1 19 9 2 11 19 7 1 
14 2 6 19 8 9 17 7 5 10 10 7 20 3 3 5 8 0 19 8 16 13 7 12 8 4 11 3 15 8 
16 14 14 9 19 10 17 1 8 6 7 20 12 19 20 3 4 19 0 12 13 19 8 18 9 17 4 3 14 15 
5 15 1 10 15 4 12 4 19 7 20 6 3 9 16 17 9 8 12 0 13 6 5 11 19 16 20 7 19 13 
2 16 8 3 7 3 12 13 12 13 3 20 3 8 17 13 8 16 13 13 0 6 7 10 16 3 5 7 20 18 
6 16 17 20 2 5 14 17 6 11 7 15 18 12 9 7 8 13 19 6 6 0 20 17 13 2 6 1 1 17 
16 7 3 6 17 3 9 19 15 16 9 9 14 16 20 2 1 7 8 5 7 20 0 5 14 7 5 8 1 20 
5 20 15 12 4 19 7 19 4 16 6 15 9 1 6 6 19 12 18 11 10 17 5 0 11 18 9 18 16 18 
12 18 17 3 2 10 2 17 13 4 5 4 2 2 8 8 9 8 9 19 16 13 14 11 0 10 18 15 1 8 
1 8 13 4 13 3 12 16 18 9 17 11 15 1 19 11 2 4 17 16 3 2 7 18 10 0 3 19 19 6 
11 19 6 16 14 14 14 20 13 17 13 9 8 9 16 19 11 11 4 20 5 6 5 9 18 3 0 8 16 11 
8 10 13 12 13 16 18 5 10 18 14 7 15 7 11 12 19 3 3 7 7 1 8 18 15 19 8 0 15 8 
13 4 18 17 19 3 16 15 5 16 12 1 19 14 14 6 7 15 14 19 20 1 1 16 1 19 16 15 0 15 
8 14 19 2 17 9 13 14 20 8 20 18 7 5 10 11 1 8 15 13 18 17 20 18 8 6 11 8 15 0 
